creation:0:01:12.011004
expand2:0:01:22.682399:200.19.177.96
expand3:0:01:27.919045:200.19.177.96
expand4:0:01:18.228726:200.19.177.96
expand5:0:01:19.198118:200.19.177.96
expand6:0:01:24.023464:200.19.177.96
expand7:0:01:34.528650:200.19.177.96
expand8:0:01:20.619233:200.19.177.96
expand9:0:01:21.023561:200.19.177.96
shrink8:0:00:40.428230:200.19.177.96
shrink7:0:00:44.328740:200.19.177.96
shrink6:0:00:39.186874:200.19.177.96
shrink5:0:00:44.059158:200.19.177.96
shrink4:0:00:38.181036:200.19.177.96
shrink3:0:00:38.210611:200.19.177.96
shrink2:0:00:42.467241:200.19.177.96
shrink1:0:00:37.216187:200.19.177.96
