creation:0:01:16.903851
expand2:0:01:12.493093:200.19.177.93
expand3:0:01:28.039974:200.19.177.93
expand4:0:01:18.532369:200.19.177.93
expand5:0:01:24.364782:200.19.177.93
expand6:0:01:29.971001:200.19.177.93
expand7:0:01:24.684691:200.19.177.93
expand8:0:02:11.085274:200.19.177.93
expand9:0:01:25.810991:200.19.177.93
shrink8:0:00:40.225119:200.19.177.93
shrink7:0:00:39.226062:200.19.177.93
shrink6:0:00:38.946427:200.19.177.93
shrink5:0:00:39.032620:200.19.177.93
shrink4:0:00:38.214142:200.19.177.93
shrink3:0:00:37.847265:200.19.177.93
shrink2:0:00:37.274449:200.19.177.93
shrink1:0:00:42.202646:200.19.177.93
